0.000552374
0.00262473
0.00634687
0.0110118
0.0163326
0.024407
0.0309697
0.0443043
0.0544519
0.0693108
0.00053802
0.00255892
0.00601609
0.0104245
0.016756
0.0248345
0.0309524
0.0442859
0.0544491
0.0694925
0.000534589
0.00251325
0.00615564
0.0107239
0.017282
0.025964
0.0319635
0.0456638
0.0511778
0.0650985
0.000538513
0.00245573
0.00593621
0.0105005
0.0166886
0.0256062
0.031947
0.0456469
0.0561454
0.0713793
0.000557138
0.00260028
0.00617159
0.0107735
0.0172565
0.0255718
0.0309889
0.0457215
0.0561608
0.0714324
