0.294985
0.734622
0.107371
0.0435124
0.55781
0.372851
3.87828
1.16531
3.41168
0.652952
0.96153
0.384922
0.033676
0.656505
0.942592
0.544256
0.990751
0.0936105
0.029621
1.97114
0.664741
0.051859
0.406837
0.41477
0.768077
1.10177
0.326702
2.93842
0.078942
0.781008
0.455601
0.238281
0.0629392
0.396258
0.374757
0.646152
2.59574
0.21434
4.49998
0.525802
0.103059
0.487262
0.36156
0.167002
0.24101
0.448678
0.117064
0.649
1.01068
1.21856
0.71971
0.420812
0.482595
0.471717
0.938913
5.52446
0.423282
0.550148
1.2595
0.544326
0.733769
1.39522
0.954205
0.19828
0.0640394
0.318097
0.405013
0.440489
1.27135
0.384321
0.0548786
0.0826524
0.714951
1.45952
0.124029
1.18843
0.393177
0.796399
0.0796319
0.646592
0.0921684
1.23488
0.593678
0.33021
0.12599
0.921325
0.14601
0.291857
0.863142
0.351651
0.106081
0.156781
0.34137
0.603243
0.0490339
0.665125
0.618609
0.697096
0.269243
0.775129
